{"dt": 0.05, "cmap": "viridis", "type": "gaussian", "s1": 0.375, "s2": 0.5, "b1": 0.25, "b2": 0.5, "mu": 0.15, "sigma": 0.017, "board": [[0.0, 0.0, 0.0, 0.0, 0.0, 0.0, 0.0, 0.0, 0.0, 0.0, 0.0, 0.0, 0.0, 0.0, 0.0, 0.0, 0.0, 0.0, 0.0, 0.0, 0.0, 0.0, 0.0, 0.0, 0.0, 0.0, 0.0, 0.0, 0.0, 0.0, 0.0, 0.0, 0.0, 0.0, 0.0, 0.0, 0.0, 0.0, 0.0, 0.0, 0.0, 0.0, 0.0, 0.0, 0.0, 0.0, 0.0, 0.0, 0.0, 0.0, 0.0, 0.0], [0.0, 0.0, 0.0, 0.0, 0.0, 0.0, 0.0, 0.0, 0.0, 0.0, 0.0, 0.0, 0.0, 0.0, 0.0, 0.0, 0.0, 0.0, 0.0, 0.0, 0.0, 0.0, 0.0, 0.0, 0.0, 0.0, 0.0, 0.0, 0.0, 0.0, 0.0, 0.0, 0.0, 0.0, 0.0, 0.0, 0.0, 0.0, 0.0, 0.0, 0.0, 0.0, 0.0, 0.0, 0.0, 0.0, 0.0, 0.0, 0.0, 0.0, 0.0, 0.0], [0.0, 0.0, 0.0, 0.0, 0.0, 0.0, 0.0, 0.0, 0.0, 0.0, 0.0, 0.0, 0.0, 0.0, 0.0, 0.0, 0.0, 0.0, 0.0, 0.0, 0.0, 0.0, 0.0, 0.0, 0.0, 0.0, 0.0, 0.0, 0.0, 0.0, 0.0, 0.0, 0.0, 0.0, 0.0, 0.0, 0.0, 0.0, 0.0, 0.0, 0.0, 0.0, 0.0, 0.0, 0.0, 0.0, 0.0, 0.0, 0.0, 0.0, 0.0, 0.0], [0.0, 0.0, 0.0, 0.0, 0.0, 0.0, 0.0, 0.0, 0.0, 0.0, 0.0, 0.0, 0.0, 0.0, 0.0, 0.0, 0.0, 0.0, 0.0, 0.0, 0.0, 0.0, 0.0, 0.0, 0.0, 0.0, 0.0, 0.0, 0.0, 0.0, 0.0, 0.0, 0.0, 0.0, 0.0, 0.0, 0.0, 0.0, 0.0, 0.0, 0.0, 0.0, 0.0, 0.0, 0.0, 0.0, 0.0, 0.0, 0.0, 0.0, 0.0, 0.0], [0.0, 0.0, 0.0, 0.0, 0.0, 0.0, 0.0, 0.0, 0.0, 0.0, 0.0, 0.0, 0.0, 0.0, 0.0, 0.0, 0.0, 0.0, 0.0, 0.0, 0.0, 0.0, 0.0, 0.0, 0.0, 0.0, 0.0, 0.0, 0.0, 0.0, 0.0, 0.0, 0.0, 0.0, 0.0, 0.0, 0.0, 0.0, 0.0, 0.0, 0.0, 0.0, 0.0, 0.0, 0.0, 0.0, 0.0, 0.0, 0.0, 0.0, 0.0, 0.0], [0.0, 0.0, 0.0, 0.0, 0.0, 0.0, 0.0, 0.0, 0.0, 0.0, 0.0, 0.0, 0.0, 0.0, 0.0, 0.0, 0.0, 0.0, 0.0, 0.0, 0.0, 0.0, 0.0, 0.0, 0.0, 0.0, 0.0, 0.0, 0.0, 0.0, 0.0, 0.0, 0.0, 0.0, 0.0, 0.0, 0.0, 0.0, 0.0, 0.0, 0.0, 0.0, 0.0, 0.0, 0.0, 0.0, 0.0, 0.0, 0.0, 0.0, 0.0, 0.0], [0.0, 0.0, 0.0, 0.0, 0.0, 0.0, 0.0, 0.0, 0.0, 0.0, 0.0, 0.0, 0.0, 0.0, 0.0, 0.0, 0.0, 0.0, 0.0, 0.0, 0.0, 0.0, 0.0, 0.0, 0.0, 0.0, 0.0, 0.0, 0.0, 0.0, 0.0, 0.0, 0.0, 0.0, 0.0, 0.0, 0.0, 0.0, 0.0, 0.0, 0.0, 0.0, 0.0, 0.0, 0.0, 0.0, 0.0, 0.0, 0.0, 0.0, 0.0, 0.0], [0.0, 0.0, 0.0, 0.0, 0.0, 0.0, 0.0, 0.0, 0.0, 0.0, 0.0, 0.0, 0.0, 0.0, 0.0, 0.0, 0.0, 0.0, 0.0, 0.0, 0.0, 0.0, 0.0, 0.0, 0.0, 0.0, 0.0, 0.0, 0.0, 0.0, 0.0, 0.0, 0.0, 0.0, 0.0, 0.0, 0.0, 0.0, 0.0, 0.0, 0.0, 0.0, 0.0, 0.0, 0.0, 0.0, 0.0, 0.0, 0.0, 0.0, 0.0, 0.0], [0.0, 0.0, 0.0, 0.0, 0.0, 0.0, 0.0, 0.0, 0.0, 0.0, 0.0, 0.0, 0.0, 0.0, 0.0, 0.0, 0.0, 0.0, 0.0, 0.0, 0.0, 0.0, 0.0, 0.0, 0.0, 0.0, 0.0, 0.0, 0.0, 0.0, 0.0, 0.0, 0.0, 0.0, 0.0, 0.0, 0.0, 0.0, 0.0, 0.0, 0.0, 0.0, 0.0, 0.0, 0.0, 0.0, 0.0, 0.0, 0.0, 0.0, 0.0, 0.0], [0.0, 0.0, 0.0, 0.0, 0.0, 0.0, 0.0, 0.0, 0.0, 0.0, 0.0, 0.0, 0.0, 0.0, 0.0, 0.0, 0.0, 0.0, 0.0, 0.0, 0.0, 0.0, 0.0, 0.0, 0.0, 0.0, 0.0, 0.0, 0.0, 0.0, 0.0, 0.0, 0.0, 0.0, 0.0, 0.0, 0.0, 0.0, 0.0, 0.0, 0.0, 0.0, 0.0, 0.0, 0.0, 0.0, 0.0, 0.0, 0.0, 0.0, 0.0, 0.0], [0.0, 0.0, 0.0, 0.0, 0.0, 0.0, 0.0, 0.0, 0.0, 0.0, 0.0, 0.0, 0.0, 0.0, 0.0, 0.0, 0.0, 0.0, 0.0, 0.0, 0.0, 0.0, 0.0, 0.0, 0.0, 0.0, 0.0, 0.0, 0.0, 0.0, 0.0, 0.0, 0.0, 0.0, 0.0, 0.0, 0.0, 0.0, 0.0, 0.0, 0.0, 0.0, 0.0, 0.0, 0.0, 0.0, 0.0, 0.0, 0.0, 0.0, 0.0, 0.0], [0.0, 0.0, 0.0, 0.0, 0.0, 0.0, 0.0, 0.0, 0.0, 0.0, 0.0, 0.0, 0.0, 0.0, 0.0, 0.0, 0.0, 0.0, 0.0, 0.0, 0.0, 0.0, 0.0, 0.0, 0.0, 0.0, 0.0, 0.0, 0.0, 0.0, 0.0, 0.0, 0.0, 0.0, 0.0, 0.0, 0.0, 0.0, 0.0, 0.0, 0.0, 0.0, 0.0, 0.0, 0.0, 0.0, 0.0, 0.0, 0.0, 0.0, 0.0, 0.0], [0.0, 0.0, 0.0, 0.0, 0.0, 0.0, 0.0, 0.0, 0.0, 0.0, 0.0, 0.0, 0.0, 0.0, 0.0, 0.0, 0.0, 0.0, 0.0, 0.0, 0.0, 0.0, 0.0, 0.0, 0.0, 0.0, 0.0, 0.0, 0.0, 0.0, 0.0, 0.0, 0.0, 0.0, 0.0, 0.0, 0.0, 0.0, 0.0, 0.0, 0.0, 0.0, 0.0, 0.0, 0.0, 0.0, 0.0, 0.0, 0.0, 0.0, 0.0, 0.0], [0.0, 0.0, 0.0, 0.0, 0.0, 0.0, 0.0, 0.0, 0.0, 0.0, 0.0, 0.0, 0.0, 0.0, 0.0, 0.0, 0.0, 0.0, 0.0, 0.0, 0.0, 0.0, 0.0, 0.0, 0.0, 0.0, 0.0, 0.0, 0.0, 0.0, 0.0, 0.0, 0.0, 0.0, 0.0, 0.0, 0.0, 0.0, 0.0, 0.0, 0.0, 0.0, 0.0, 0.0, 0.0, 0.0, 0.0, 0.0, 0.0, 0.0, 0.0, 0.0], [0.0, 0.0, 0.0, 0.0, 0.0, 0.0, 0.0, 0.0, 0.0, 0.0, 0.0, 0.0, 0.0, 0.0, 0.0, 0.0, 0.0, 0.0, 0.0, 0.0, 0.0, 0.0, 0.0, 0.0, 0.0, 0.0, 0.0, 0.0, 0.0, 0.0, 0.0, 0.0, 0.0, 0.0, 0.0, 0.0, 0.0, 0.0, 0.0, 0.0, 0.0, 0.0, 0.0, 0.0, 0.0, 0.0, 0.0, 0.0, 0.0, 0.0, 0.0, 0.0], [0.0, 0.0, 0.0, 0.0, 0.0, 0.0, 0.0, 0.0, 0.0, 0.0, 0.0, 0.0, 0.0, 0.0, 0.0, 0.0, 0.0, 0.0, 0.0, 0.0, 0.0, 0.0, 0.0, 0.0, 0.0, 0.0, 0.0, 0.0, 0.0, 0.0, 0.0, 0.0, 0.0, 0.0, 0.0, 0.0, 0.0, 0.0, 0.0, 0.0, 0.0, 0.0, 0.0, 0.0, 0.0, 0.0, 0.0, 0.0, 0.0, 0.0, 0.0, 0.0], [0.0, 0.0, 0.0, 0.0, 0.0, 0.0, 0.0, 0.0, 0.0, 0.0, 0.0, 0.0, 0.0, 0.0, 0.0, 0.0, 0.0, 0.0, 0.0, 0.0, 0.0, 0.0, 0.1, 0.14, 0.1, 0.0, 0.0, 0.03, 0.03, 0.0, 0.0, 0.3, 0.0, 0.0, 0.0, 0.0, 0.0, 0.0, 0.0, 0.0, 0.0, 0.0, 0.0, 0.0, 0.0, 0.0, 0.0, 0.0, 0.0, 0.0, 0.0, 0.0], [0.0, 0.0, 0.0, 0.0, 0.0, 0.0, 0.0, 0.0, 0.0, 0.0, 0.0, 0.0, 0.0, 0.0, 0.0, 0.0, 0.0, 0.0, 0.0, 0.0, 0.0, 0.08, 0.24, 0.3, 0.3, 0.18, 0.14, 0.15, 0.16, 0.15, 0.09, 0.2, 0.0, 0.0, 0.0, 0.0, 0.0, 0.0, 0.0, 0.0, 0.0, 0.0, 0.0, 0.0, 0.0, 0.0, 0.0, 0.0, 0.0, 0.0, 0.0, 0.0], [0.0, 0.0, 0.0, 0.0, 0.0, 0.0, 0.0, 0.0, 0.0, 0.0, 0.0, 0.0, 0.0, 0.0, 0.0, 0.0, 0.0, 0.0, 0.0, 0.0, 0.0, 0.15, 0.34, 0.44, 0.46, 0.38, 0.18, 0.14, 0.11, 0.13, 0.19, 0.18, 0.45, 0.0, 0.0, 0.0, 0.0, 0.0, 0.0, 0.0, 0.0, 0.0, 0.0, 0.0, 0.0, 0.0, 0.0, 0.0, 0.0, 0.0, 0.0, 0.0], [0.0, 0.0, 0.0, 0.0, 0.0, 0.0, 0.0, 0.0, 0.0, 0.0, 0.0, 0.0, 0.0, 0.0, 0.0, 0.0, 0.0, 0.0, 0.0, 0.0, 0.06, 0.13, 0.39, 0.5, 0.5, 0.37, 0.06, 0.0, 0.0, 0.0, 0.02, 0.16, 0.68, 0.0, 0.0, 0.0, 0.0, 0.0, 0.0, 0.0, 0.0, 0.0, 0.0, 0.0, 0.0, 0.0, 0.0, 0.0, 0.0, 0.0, 0.0, 0.0], [0.0, 0.0, 0.0, 0.0, 0.0, 0.0, 0.0, 0.0, 0.0, 0.0, 0.0, 0.0, 0.0, 0.0, 0.0, 0.0, 0.0, 0.0, 0.0, 0.11, 0.17, 0.17, 0.33, 0.4, 0.38, 0.28, 0.14, 0.0, 0.0, 0.0, 0.0, 0.0, 0.18, 0.42, 0.0, 0.0, 0.0, 0.0, 0.0, 0.0, 0.0, 0.0, 0.0, 0.0, 0.0, 0.0, 0.0, 0.0, 0.0, 0.0, 0.0, 0.0], [0.0, 0.0, 0.0, 0.0, 0.0, 0.0, 0.0, 0.0, 0.0, 0.0, 0.0, 0.0, 0.0, 0.0, 0.0, 0.0, 0.0, 0.0, 0.09, 0.18, 0.13, 0.06, 0.08, 0.26, 0.32, 0.32, 0.27, 0.0, 0.0, 0.0, 0.0, 0.0, 0.0, 0.82, 0.0, 0.0, 0.0, 0.0, 0.0, 0.0, 0.0, 0.0, 0.0, 0.0, 0.0, 0.0, 0.0, 0.0, 0.0, 0.0, 0.0, 0.0], [0.0, 0.0, 0.0, 0.0, 0.0, 0.0, 0.0, 0.0, 0.0, 0.0, 0.0, 0.0, 0.0, 0.0, 0.0, 0.0, 0.27, 0.0, 0.16, 0.12, 0.0, 0.0, 0.0, 0.25, 0.38, 0.44, 0.45, 0.34, 0.0, 0.0, 0.0, 0.0, 0.0, 0.22, 0.17, 0.0, 0.0, 0.0, 0.0, 0.0, 0.0, 0.0, 0.0, 0.0, 0.0, 0.0, 0.0, 0.0, 0.0, 0.0, 0.0, 0.0], [0.0, 0.0, 0.0, 0.0, 0.0, 0.0, 0.0, 0.0, 0.0, 0.0, 0.0, 0.0, 0.0, 0.0, 0.0, 0.0, 0.0, 0.07, 0.2, 0.02, 0.0, 0.0, 0.0, 0.31, 0.48, 0.57, 0.6, 0.57, 0.0, 0.0, 0.0, 0.0, 0.0, 0.0, 0.49, 0.0, 0.0, 0.0, 0.0, 0.0, 0.0, 0.0, 0.0, 0.0, 0.0, 0.0, 0.0, 0.0, 0.0, 0.0, 0.0, 0.0], [0.0, 0.0, 0.0, 0.0, 0.0, 0.0, 0.0, 0.0, 0.0, 0.0, 0.0, 0.0, 0.0, 0.0, 0.0, 0.0, 0.0, 0.59, 0.19, 0.0, 0.0, 0.0, 0.0, 0.2, 0.57, 0.69, 0.76, 0.76, 0.49, 0.0, 0.0, 0.0, 0.0, 0.0, 0.36, 0.0, 0.0, 0.0, 0.0, 0.0, 0.0, 0.0, 0.0, 0.0, 0.0, 0.0, 0.0, 0.0, 0.0, 0.0, 0.0, 0.0], [0.0, 0.0, 0.0, 0.0, 0.0, 0.0, 0.0, 0.0, 0.0, 0.0, 0.0, 0.0, 0.0, 0.0, 0.0, 0.0, 0.0, 0.58, 0.19, 0.0, 0.0, 0.0, 0.0, 0.0, 0.67, 0.83, 0.9, 0.92, 0.87, 0.12, 0.0, 0.0, 0.0, 0.0, 0.22, 0.07, 0.0, 0.0, 0.0, 0.0, 0.0, 0.0, 0.0, 0.0, 0.0, 0.0, 0.0, 0.0, 0.0, 0.0, 0.0, 0.0], [0.0, 0.0, 0.0, 0.0, 0.0, 0.0, 0.0, 0.0, 0.0, 0.0, 0.0, 0.0, 0.0, 0.0, 0.0, 0.0, 0.0, 0.0, 0.46, 0.0, 0.0, 0.0, 0.0, 0.0, 0.7, 0.93, 1.0, 1.0, 1.0, 0.61, 0.0, 0.0, 0.0, 0.0, 0.18, 0.11, 0.0, 0.0, 0.0, 0.0, 0.0, 0.0, 0.0, 0.0, 0.0, 0.0, 0.0, 0.0, 0.0, 0.0, 0.0, 0.0], [0.0, 0.0, 0.0, 0.0, 0.0, 0.0, 0.0, 0.0, 0.0, 0.0, 0.0, 0.0, 0.0, 0.0, 0.0, 0.0, 0.0, 0.0, 0.82, 0.0, 0.0, 0.0, 0.0, 0.0, 0.47, 1.0, 1.0, 0.98, 1.0, 0.96, 0.27, 0.0, 0.0, 0.0, 0.19, 0.1, 0.0, 0.0, 0.0, 0.0, 0.0, 0.0, 0.0, 0.0, 0.0, 0.0, 0.0, 0.0, 0.0, 0.0, 0.0, 0.0], [0.0, 0.0, 0.0, 0.0, 0.0, 0.0, 0.0, 0.0, 0.0, 0.0, 0.0, 0.0, 0.0, 0.0, 0.0, 0.0, 0.0, 0.0, 0.46, 0.0, 0.0, 0.0, 0.0, 0.0, 0.25, 1.0, 1.0, 0.84, 0.92, 0.97, 0.54, 0.14, 0.04, 0.1, 0.21, 0.05, 0.0, 0.0, 0.0, 0.0, 0.0, 0.0, 0.0, 0.0, 0.0, 0.0, 0.0, 0.0, 0.0, 0.0, 0.0, 0.0], [0.0, 0.0, 0.0, 0.0, 0.0, 0.0, 0.0, 0.0, 0.0, 0.0, 0.0, 0.0, 0.0, 0.0, 0.0, 0.0, 0.0, 0.0, 0.0, 0.4, 0.0, 0.0, 0.0, 0.0, 0.09, 0.8, 1.0, 0.82, 0.8, 0.85, 0.63, 0.31, 0.18, 0.19, 0.2, 0.01, 0.0, 0.0, 0.0, 0.0, 0.0, 0.0, 0.0, 0.0, 0.0, 0.0, 0.0, 0.0, 0.0, 0.0, 0.0, 0.0], [0.0, 0.0, 0.0, 0.0, 0.0, 0.0, 0.0, 0.0, 0.0, 0.0, 0.0, 0.0, 0.0, 0.0, 0.0, 0.0, 0.0, 0.0, 0.0, 0.36, 0.1, 0.0, 0.0, 0.0, 0.05, 0.54, 0.86, 0.79, 0.74, 0.72, 0.6, 0.39, 0.28, 0.24, 0.13, 0.0, 0.0, 0.0, 0.0, 0.0, 0.0, 0.0, 0.0, 0.0, 0.0, 0.0, 0.0, 0.0, 0.0, 0.0, 0.0, 0.0], [0.0, 0.0, 0.0, 0.0, 0.0, 0.0, 0.0, 0.0, 0.0, 0.0, 0.0, 0.0, 0.0, 0.0, 0.0, 0.0, 0.0, 0.0, 0.0, 0.01, 0.3, 0.07, 0.0, 0.0, 0.08, 0.36, 0.64, 0.7, 0.64, 0.6, 0.51, 0.39, 0.29, 0.19, 0.04, 0.0, 0.0, 0.0, 0.0, 0.0, 0.0, 0.0, 0.0, 0.0, 0.0, 0.0, 0.0, 0.0, 0.0, 0.0, 0.0, 0.0], [0.0, 0.0, 0.0, 0.0, 0.0, 0.0, 0.0, 0.0, 0.0, 0.0, 0.0, 0.0, 0.0, 0.0, 0.0, 0.0, 0.0, 0.0, 0.0, 0.0, 0.1, 0.24, 0.14, 0.1, 0.15, 0.29, 0.45, 0.53, 0.52, 0.46, 0.4, 0.31, 0.21, 0.08, 0.0, 0.0, 0.0, 0.0, 0.0, 0.0, 0.0, 0.0, 0.0, 0.0, 0.0, 0.0, 0.0, 0.0, 0.0, 0.0, 0.0, 0.0], [0.0, 0.0, 0.0, 0.0, 0.0, 0.0, 0.0, 0.0, 0.0, 0.0, 0.0, 0.0, 0.0, 0.0, 0.0, 0.0, 0.0, 0.0, 0.0, 0.0, 0.0, 0.08, 0.21, 0.21, 0.22, 0.29, 0.36, 0.39, 0.37, 0.33, 0.26, 0.18, 0.09, 0.0, 0.0, 0.0, 0.0, 0.0, 0.0, 0.0, 0.0, 0.0, 0.0, 0.0, 0.0, 0.0, 0.0, 0.0, 0.0, 0.0, 0.0, 0.0], [0.0, 0.0, 0.0, 0.0, 0.0, 0.0, 0.0, 0.0, 0.0, 0.0, 0.0, 0.0, 0.0, 0.0, 0.0, 0.0, 0.0, 0.0, 0.0, 0.0, 0.0, 0.0, 0.03, 0.13, 0.19, 0.22, 0.24, 0.24, 0.23, 0.18, 0.13, 0.05, 0.0, 0.0, 0.0, 0.0, 0.0, 0.0, 0.0, 0.0, 0.0, 0.0, 0.0, 0.0, 0.0, 0.0, 0.0, 0.0, 0.0, 0.0, 0.0, 0.0], [0.0, 0.0, 0.0, 0.0, 0.0, 0.0, 0.0, 0.0, 0.0, 0.0, 0.0, 0.0, 0.0, 0.0, 0.0, 0.0, 0.0, 0.0, 0.0, 0.0, 0.0, 0.0, 0.0, 0.0, 0.02, 0.06, 0.08, 0.09, 0.07, 0.05, 0.01, 0.0, 0.0, 0.0, 0.0, 0.0, 0.0, 0.0, 0.0, 0.0, 0.0, 0.0, 0.0, 0.0, 0.0, 0.0, 0.0, 0.0, 0.0, 0.0, 0.0, 0.0], [0.0, 0.0, 0.0, 0.0, 0.0, 0.0, 0.0, 0.0, 0.0, 0.0, 0.0, 0.0, 0.0, 0.0, 0.0, 0.0, 0.0, 0.0, 0.0, 0.0, 0.0, 0.0, 0.0, 0.0, 0.0, 0.0, 0.0, 0.0, 0.0, 0.0, 0.0, 0.0, 0.0, 0.0, 0.0, 0.0, 0.0, 0.0, 0.0, 0.0, 0.0, 0.0, 0.0, 0.0, 0.0, 0.0, 0.0, 0.0, 0.0, 0.0, 0.0, 0.0], [0.0, 0.0, 0.0, 0.0, 0.0, 0.0, 0.0, 0.0, 0.0, 0.0, 0.0, 0.0, 0.0, 0.0, 0.0, 0.0, 0.0, 0.0, 0.0, 0.0, 0.0, 0.0, 0.0, 0.0, 0.0, 0.0, 0.0, 0.0, 0.0, 0.0, 0.0, 0.0, 0.0, 0.0, 0.0, 0.0, 0.0, 0.0, 0.0, 0.0, 0.0, 0.0, 0.0, 0.0, 0.0, 0.0, 0.0, 0.0, 0.0, 0.0, 0.0, 0.0], [0.0, 0.0, 0.0, 0.0, 0.0, 0.0, 0.0, 0.0, 0.0, 0.0, 0.0, 0.0, 0.0, 0.0, 0.0, 0.0, 0.0, 0.0, 0.0, 0.0, 0.0, 0.0, 0.0, 0.0, 0.0, 0.0, 0.0, 0.0, 0.0, 0.0, 0.0, 0.0, 0.0, 0.0, 0.0, 0.0, 0.0, 0.0, 0.0, 0.0, 0.0, 0.0, 0.0, 0.0, 0.0, 0.0, 0.0, 0.0, 0.0, 0.0, 0.0, 0.0], [0.0, 0.0, 0.0, 0.0, 0.0, 0.0, 0.0, 0.0, 0.0, 0.0, 0.0, 0.0, 0.0, 0.0, 0.0, 0.0, 0.0, 0.0, 0.0, 0.0, 0.0, 0.0, 0.0, 0.0, 0.0, 0.0, 0.0, 0.0, 0.0, 0.0, 0.0, 0.0, 0.0, 0.0, 0.0, 0.0, 0.0, 0.0, 0.0, 0.0, 0.0, 0.0, 0.0, 0.0, 0.0, 0.0, 0.0, 0.0, 0.0, 0.0, 0.0, 0.0], [0.0, 0.0, 0.0, 0.0, 0.0, 0.0, 0.0, 0.0, 0.0, 0.0, 0.0, 0.0, 0.0, 0.0, 0.0, 0.0, 0.0, 0.0, 0.0, 0.0, 0.0, 0.0, 0.0, 0.0, 0.0, 0.0, 0.0, 0.0, 0.0, 0.0, 0.0, 0.0, 0.0, 0.0, 0.0, 0.0, 0.0, 0.0, 0.0, 0.0, 0.0, 0.0, 0.0, 0.0, 0.0, 0.0, 0.0, 0.0, 0.0, 0.0, 0.0, 0.0], [0.0, 0.0, 0.0, 0.0, 0.0, 0.0, 0.0, 0.0, 0.0, 0.0, 0.0, 0.0, 0.0, 0.0, 0.0, 0.0, 0.0, 0.0, 0.0, 0.0, 0.0, 0.0, 0.0, 0.0, 0.0, 0.0, 0.0, 0.0, 0.0, 0.0, 0.0, 0.0, 0.0, 0.0, 0.0, 0.0, 0.0, 0.0, 0.0, 0.0, 0.0, 0.0, 0.0, 0.0, 0.0, 0.0, 0.0, 0.0, 0.0, 0.0, 0.0, 0.0], [0.0, 0.0, 0.0, 0.0, 0.0, 0.0, 0.0, 0.0, 0.0, 0.0, 0.0, 0.0, 0.0, 0.0, 0.0, 0.0, 0.0, 0.0, 0.0, 0.0, 0.0, 0.0, 0.0, 0.0, 0.0, 0.0, 0.0, 0.0, 0.0, 0.0, 0.0, 0.0, 0.0, 0.0, 0.0, 0.0, 0.0, 0.0, 0.0, 0.0, 0.0, 0.0, 0.0, 0.0, 0.0, 0.0, 0.0, 0.0, 0.0, 0.0, 0.0, 0.0], [0.0, 0.0, 0.0, 0.0, 0.0, 0.0, 0.0, 0.0, 0.0, 0.0, 0.0, 0.0, 0.0, 0.0, 0.0, 0.0, 0.0, 0.0, 0.0, 0.0, 0.0, 0.0, 0.0, 0.0, 0.0, 0.0, 0.0, 0.0, 0.0, 0.0, 0.0, 0.0, 0.0, 0.0, 0.0, 0.0, 0.0, 0.0, 0.0, 0.0, 0.0, 0.0, 0.0, 0.0, 0.0, 0.0, 0.0, 0.0, 0.0, 0.0, 0.0, 0.0], [0.0, 0.0, 0.0, 0.0, 0.0, 0.0, 0.0, 0.0, 0.0, 0.0, 0.0, 0.0, 0.0, 0.0, 0.0, 0.0, 0.0, 0.0, 0.0, 0.0, 0.0, 0.0, 0.0, 0.0, 0.0, 0.0, 0.0, 0.0, 0.0, 0.0, 0.0, 0.0, 0.0, 0.0, 0.0, 0.0, 0.0, 0.0, 0.0, 0.0, 0.0, 0.0, 0.0, 0.0, 0.0, 0.0, 0.0, 0.0, 0.0, 0.0, 0.0, 0.0], [0.0, 0.0, 0.0, 0.0, 0.0, 0.0, 0.0, 0.0, 0.0, 0.0, 0.0, 0.0, 0.0, 0.0, 0.0, 0.0, 0.0, 0.0, 0.0, 0.0, 0.0, 0.0, 0.0, 0.0, 0.0, 0.0, 0.0, 0.0, 0.0, 0.0, 0.0, 0.0, 0.0, 0.0, 0.0, 0.0, 0.0, 0.0, 0.0, 0.0, 0.0, 0.0, 0.0, 0.0, 0.0, 0.0, 0.0, 0.0, 0.0, 0.0, 0.0, 0.0], [0.0, 0.0, 0.0, 0.0, 0.0, 0.0, 0.0, 0.0, 0.0, 0.0, 0.0, 0.0, 0.0, 0.0, 0.0, 0.0, 0.0, 0.0, 0.0, 0.0, 0.0, 0.0, 0.0, 0.0, 0.0, 0.0, 0.0, 0.0, 0.0, 0.0, 0.0, 0.0, 0.0, 0.0, 0.0, 0.0, 0.0, 0.0, 0.0, 0.0, 0.0, 0.0, 0.0, 0.0, 0.0, 0.0, 0.0, 0.0, 0.0, 0.0, 0.0, 0.0], [0.0, 0.0, 0.0, 0.0, 0.0, 0.0, 0.0, 0.0, 0.0, 0.0, 0.0, 0.0, 0.0, 0.0, 0.0, 0.0, 0.0, 0.0, 0.0, 0.0, 0.0, 0.0, 0.0, 0.0, 0.0, 0.0, 0.0, 0.0, 0.0, 0.0, 0.0, 0.0, 0.0, 0.0, 0.0, 0.0, 0.0, 0.0, 0.0, 0.0, 0.0, 0.0, 0.0, 0.0, 0.0, 0.0, 0.0, 0.0, 0.0, 0.0, 0.0, 0.0], [0.0, 0.0, 0.0, 0.0, 0.0, 0.0, 0.0, 0.0, 0.0, 0.0, 0.0, 0.0, 0.0, 0.0, 0.0, 0.0, 0.0, 0.0, 0.0, 0.0, 0.0, 0.0, 0.0, 0.0, 0.0, 0.0, 0.0, 0.0, 0.0, 0.0, 0.0, 0.0, 0.0, 0.0, 0.0, 0.0, 0.0, 0.0, 0.0, 0.0, 0.0, 0.0, 0.0, 0.0, 0.0, 0.0, 0.0, 0.0, 0.0, 0.0, 0.0, 0.0], [0.0, 0.0, 0.0, 0.0, 0.0, 0.0, 0.0, 0.0, 0.0, 0.0, 0.0, 0.0, 0.0, 0.0, 0.0, 0.0, 0.0, 0.0, 0.0, 0.0, 0.0, 0.0, 0.0, 0.0, 0.0, 0.0, 0.0, 0.0, 0.0, 0.0, 0.0, 0.0, 0.0, 0.0, 0.0, 0.0, 0.0, 0.0, 0.0, 0.0, 0.0, 0.0, 0.0, 0.0, 0.0, 0.0, 0.0, 0.0, 0.0, 0.0, 0.0, 0.0], [0.0, 0.0, 0.0, 0.0, 0.0, 0.0, 0.0, 0.0, 0.0, 0.0, 0.0, 0.0, 0.0, 0.0, 0.0, 0.0, 0.0, 0.0, 0.0, 0.0, 0.0, 0.0, 0.0, 0.0, 0.0, 0.0, 0.0, 0.0, 0.0, 0.0, 0.0, 0.0, 0.0, 0.0, 0.0, 0.0, 0.0, 0.0, 0.0, 0.0, 0.0, 0.0, 0.0, 0.0, 0.0, 0.0, 0.0, 0.0, 0.0, 0.0, 0.0, 0.0], [0.0, 0.0, 0.0, 0.0, 0.0, 0.0, 0.0, 0.0, 0.0, 0.0, 0.0, 0.0, 0.0, 0.0, 0.0, 0.0, 0.0, 0.0, 0.0, 0.0, 0.0, 0.0, 0.0, 0.0, 0.0, 0.0, 0.0, 0.0, 0.0, 0.0, 0.0, 0.0, 0.0, 0.0, 0.0, 0.0, 0.0, 0.0, 0.0, 0.0, 0.0, 0.0, 0.0, 0.0, 0.0, 0.0, 0.0, 0.0, 0.0, 0.0, 0.0, 0.0]], "kernel": [[0.0, 0.0, 0.0, 0.0, 0.0, 0.0, 0.0, 0.0, 1.8715781852051563e-05, 3.0903152079077425e-05, 4.524615976462169e-05, 5.911350657470594e-05, 6.925417161127387e-05, 7.298121296757986e-05, 6.925417161127387e-05, 5.911350657470594e-05, 4.524615976462169e-05, 3.0903152079077425e-05, 1.8715781852051563e-05, 0.0, 0.0, 0.0, 0.0, 0.0, 0.0, 0.0, 0.0], [0.0, 0.0, 0.0, 0.0, 0.0, 0.0, 1.980018690050313e-05, 4.0609473775672574e-05, 7.298121296757986e-05, 0.00011600612340150563, 0.00016454378185348388, 0.0002098915642182302, 0.00024226012375662908, 0.0002540084627299151, 0.00024226012375662908, 0.0002098915642182302, 0.00016454378185348388, 0.00011600612340150563, 7.298121296757986e-05, 4.0609473775672574e-05, 1.980018690050313e-05, 0.0, 0.0, 0.0, 0.0, 0.0, 0.0], [0.0, 0.0, 0.0, 0.0, 0.0, 3.0903152079077425e-05, 6.925417161127387e-05, 0.0001349166954119283, 0.00023100265879462073, 0.00035152754681723485, 0.000480617985012919, 0.0005961634044420591, 0.0006761390007648805, 0.0007047025138315706, 0.0006761390007648805, 0.0005961634044420591, 0.000480617985012919, 0.00035152754681723485, 0.00023100265879462073, 0.0001349166954119283, 6.925417161127387e-05, 3.0903152079077425e-05, 0.0, 0.0, 0.0, 0.0, 0.0], [0.0, 0.0, 0.0, 0.0, 3.8462971670108034e-05, 9.459015227502268e-05, 0.00020000457013894822, 0.0003678725002675082, 0.0005961634044420591, 0.0008627396831197393, 0.001129937497739354, 0.0013559525349780758, 0.001506004669540458, 0.0015584180905196927, 0.001506004669540458, 0.0013559525349780758, 0.001129937497739354, 0.0008627396831197393, 0.0005961634044420591, 0.0003678725002675082, 0.00020000457013894822, 9.459015227502268e-05, 3.8462971670108034e-05, 0.0, 0.0, 0.0, 0.0], [0.0, 0.0, 0.0, 3.8462971670108034e-05, 0.00010479259397290719, 0.00024226012375662908, 0.000480617985012919, 0.0008290370233558663, 0.001261943944860805, 0.00172271074634994, 0.0021445018458459905, 0.0024732503397308634, 0.0026780767843693452, 0.002747151856035784, 0.0026780767843693452, 0.0024732503397308634, 0.0021445018458459905, 0.00172271074634994, 0.001261943944860805, 0.0008290370233558663, 0.000480617985012919, 0.00024226012375662908, 0.00010479259397290719, 3.8462971670108034e-05, 0.0, 0.0, 0.0], [0.0, 0.0, 3.0903152079077425e-05, 9.459015227502268e-05, 0.00024226012375662908, 0.000524305721571549, 0.0009704259390172812, 0.0015584180905196927, 0.0022086780023964983, 0.002816474950180304, 0.0032995648160928674, 0.003625519220743009, 0.003804345167397604, 0.0038601295330159143, 0.003804345167397604, 0.003625519220743009, 0.0032995648160928674, 0.002816474950180304, 0.0022086780023964983, 0.0015584180905196927, 0.0009704259390172812, 0.000524305721571549, 0.00024226012375662908, 9.459015227502268e-05, 3.0903152079077425e-05, 0.0, 0.0], [0.0, 1.980018690050313e-05, 6.925417161127387e-05, 0.00020000457013894822, 0.000480617985012919, 0.0009704259390172812, 0.001666785273273649, 0.0024732503397308634, 0.0032316270629616, 0.003804345167397604, 0.004141627765303425, 0.004285269989610312, 0.004321086137055937, 0.004323561247475257, 0.004321086137055937, 0.004285269989610312, 0.004141627765303425, 0.003804345167397604, 0.0032316270629616, 0.0024732503397308634, 0.001666785273273649, 0.0009704259390172812, 0.000480617985012919, 0.00020000457013894822, 6.925417161127387e-05, 1.980018690050313e-05, 0.0], [0.0, 4.0609473775672574e-05, 0.0001349166954119283, 0.0003678725002675082, 0.0008290370233558663, 0.0015584180905196927, 0.0024732503397308634, 0.00336678794517155, 0.0040134282629317375, 0.004301770943532043, 0.004282024036845425, 0.004105605259931158, 0.0039302032873091124, 0.003860129533015914, 0.0039302032873091124, 0.004105605259931158, 0.004282024036845425, 0.004301770943532043, 0.0040134282629317375, 0.00336678794517155, 0.0024732503397308634, 0.0015584180905196927, 0.0008290370233558663, 0.0003678725002675082, 0.0001349166954119283, 4.0609473775672574e-05, 0.0], [1.8715781852051563e-05, 7.298121296757986e-05, 0.00023100265879462073, 0.0005961634044420591, 0.001261943944860805, 0.0022086780023964983, 0.0032316270629616, 0.0040134282629317375, 0.004321086137055937, 0.0041524024012235825, 0.0037029425399968175, 0.0032169144563444687, 0.0028701371972834296, 0.002747151856035785, 0.0028701371972834296, 0.0032169144563444687, 0.0037029425399968175, 0.0041524024012235825, 0.004321086137055937, 0.0040134282629317375, 0.0032316270629616, 0.0022086780023964983, 0.001261943944860805, 0.0005961634044420591, 0.00023100265879462073, 7.298121296757986e-05, 1.8715781852051563e-05], [3.0903152079077425e-05, 0.00011600612340150563, 0.00035152754681723485, 0.0008627396831197393, 0.00172271074634994, 0.002816474950180304, 0.003804345167397604, 0.004301770943532043, 0.0041524024012235825, 0.0035237990580458444, 0.002747151856035785, 0.002095052627944353, 0.001691639762805864, 0.0015584180905196927, 0.001691639762805864, 0.002095052627944353, 0.002747151856035785, 0.0035237990580458444, 0.0041524024012235825, 0.004301770943532043, 0.003804345167397604, 0.002816474950180304, 0.00172271074634994, 0.0008627396831197393, 0.00035152754681723485, 0.00011600612340150563, 3.0903152079077425e-05], [4.524615976462169e-05, 0.00016454378185348388, 0.000480617985012919, 0.001129937497739354, 0.0021445018458459905, 0.0032995648160928674, 0.004141627765303425, 0.004282024036845425, 0.0037029425399968175, 0.002747151856035785, 0.0018258722908359177, 0.0011708128253094965, 0.0008140165116057228, 0.0007047025138315706, 0.0008140165116057228, 0.0011708128253094965, 0.0018258722908359177, 0.002747151856035785, 0.0037029425399968175, 0.004282024036845425, 0.004141627765303425, 0.0032995648160928674, 0.0021445018458459905, 0.001129937497739354, 0.000480617985012919, 0.00016454378185348388, 4.524615976462169e-05], [5.911350657470594e-05, 0.0002098915642182302, 0.0005961634044420591, 0.0013559525349780758, 0.0024732503397308634, 0.003625519220743009, 0.004285269989610312, 0.004105605259931158, 0.0032169144563444687, 0.002095052627944353, 0.0011708128253094965, 0.0006011331967224426, 0.000329870441179971, 0.0002540084627299149, 0.000329870441179971, 0.0006011331967224426, 0.0011708128253094965, 0.002095052627944353, 0.0032169144563444687, 0.004105605259931158, 0.004285269989610312, 0.003625519220743009, 0.0024732503397308634, 0.0013559525349780758, 0.0005961634044420591, 0.0002098915642182302, 5.911350657470594e-05], [6.925417161127387e-05, 0.00024226012375662908, 0.0006761390007648805, 0.001506004669540458, 0.0026780767843693452, 0.003804345167397604, 0.004321086137055937, 0.0039302032873091124, 0.0028701371972834296, 0.001691639762805864, 0.0008140165116057228, 0.000329870441179971, 0.00012575118239100398, 7.298121296757986e-05, 0.00012575118239100398, 0.000329870441179971, 0.0008140165116057228, 0.001691639762805864, 0.0028701371972834296, 0.0039302032873091124, 0.004321086137055937, 0.003804345167397604, 0.0026780767843693452, 0.001506004669540458, 0.0006761390007648805, 0.00024226012375662908, 6.925417161127387e-05], [7.298121296757986e-05, 0.0002540084627299151, 0.0007047025138315706, 0.0015584180905196927, 0.002747151856035784, 0.0038601295330159143, 0.004323561247475257, 0.003860129533015914, 0.002747151856035785, 0.0015584180905196927, 0.0007047025138315706, 0.0002540084627299149, 7.298121296757986e-05, 1.6714542500858773e-05, 7.298121296757986e-05, 0.0002540084627299149, 0.0007047025138315706, 0.0015584180905196927, 0.002747151856035785, 0.003860129533015914, 0.004323561247475257, 0.0038601295330159143, 0.002747151856035784, 0.0015584180905196927, 0.0007047025138315706, 0.0002540084627299151, 7.298121296757986e-05], [6.925417161127387e-05, 0.00024226012375662908, 0.0006761390007648805, 0.001506004669540458, 0.0026780767843693452, 0.003804345167397604, 0.004321086137055937, 0.0039302032873091124, 0.0028701371972834296, 0.001691639762805864, 0.0008140165116057228, 0.000329870441179971, 0.00012575118239100398, 7.298121296757986e-05, 0.00012575118239100398, 0.000329870441179971, 0.0008140165116057228, 0.001691639762805864, 0.0028701371972834296, 0.0039302032873091124, 0.004321086137055937, 0.003804345167397604, 0.0026780767843693452, 0.001506004669540458, 0.0006761390007648805, 0.00024226012375662908, 6.925417161127387e-05], [5.911350657470594e-05, 0.0002098915642182302, 0.0005961634044420591, 0.0013559525349780758, 0.0024732503397308634, 0.003625519220743009, 0.004285269989610312, 0.004105605259931158, 0.0032169144563444687, 0.002095052627944353, 0.0011708128253094965, 0.0006011331967224426, 0.000329870441179971, 0.0002540084627299149, 0.000329870441179971, 0.0006011331967224426, 0.0011708128253094965, 0.002095052627944353, 0.0032169144563444687, 0.004105605259931158, 0.004285269989610312, 0.003625519220743009, 0.0024732503397308634, 0.0013559525349780758, 0.0005961634044420591, 0.0002098915642182302, 5.911350657470594e-05], [4.524615976462169e-05, 0.00016454378185348388, 0.000480617985012919, 0.001129937497739354, 0.0021445018458459905, 0.0032995648160928674, 0.004141627765303425, 0.004282024036845425, 0.0037029425399968175, 0.002747151856035785, 0.0018258722908359177, 0.0011708128253094965, 0.0008140165116057228, 0.0007047025138315706, 0.0008140165116057228, 0.0011708128253094965, 0.0018258722908359177, 0.002747151856035785, 0.0037029425399968175, 0.004282024036845425, 0.004141627765303425, 0.0032995648160928674, 0.0021445018458459905, 0.001129937497739354, 0.000480617985012919, 0.00016454378185348388, 4.524615976462169e-05], [3.0903152079077425e-05, 0.00011600612340150563, 0.00035152754681723485, 0.0008627396831197393, 0.00172271074634994, 0.002816474950180304, 0.003804345167397604, 0.004301770943532043, 0.0041524024012235825, 0.0035237990580458444, 0.002747151856035785, 0.002095052627944353, 0.001691639762805864, 0.0015584180905196927, 0.001691639762805864, 0.002095052627944353, 0.002747151856035785, 0.0035237990580458444, 0.0041524024012235825, 0.004301770943532043, 0.003804345167397604, 0.002816474950180304, 0.00172271074634994, 0.0008627396831197393, 0.00035152754681723485, 0.00011600612340150563, 3.0903152079077425e-05], [1.8715781852051563e-05, 7.298121296757986e-05, 0.00023100265879462073, 0.0005961634044420591, 0.001261943944860805, 0.0022086780023964983, 0.0032316270629616, 0.0040134282629317375, 0.004321086137055937, 0.0041524024012235825, 0.0037029425399968175, 0.0032169144563444687, 0.0028701371972834296, 0.002747151856035785, 0.0028701371972834296, 0.0032169144563444687, 0.0037029425399968175, 0.0041524024012235825, 0.004321086137055937, 0.0040134282629317375, 0.0032316270629616, 0.0022086780023964983, 0.001261943944860805, 0.0005961634044420591, 0.00023100265879462073, 7.298121296757986e-05, 1.8715781852051563e-05], [0.0, 4.0609473775672574e-05, 0.0001349166954119283, 0.0003678725002675082, 0.0008290370233558663, 0.0015584180905196927, 0.0024732503397308634, 0.00336678794517155, 0.0040134282629317375, 0.004301770943532043, 0.004282024036845425, 0.004105605259931158, 0.0039302032873091124, 0.003860129533015914, 0.0039302032873091124, 0.004105605259931158, 0.004282024036845425, 0.004301770943532043, 0.0040134282629317375, 0.00336678794517155, 0.0024732503397308634, 0.0015584180905196927, 0.0008290370233558663, 0.0003678725002675082, 0.0001349166954119283, 4.0609473775672574e-05, 0.0], [0.0, 1.980018690050313e-05, 6.925417161127387e-05, 0.00020000457013894822, 0.000480617985012919, 0.0009704259390172812, 0.001666785273273649, 0.0024732503397308634, 0.0032316270629616, 0.003804345167397604, 0.004141627765303425, 0.004285269989610312, 0.004321086137055937, 0.004323561247475257, 0.004321086137055937, 0.004285269989610312, 0.004141627765303425, 0.003804345167397604, 0.0032316270629616, 0.0024732503397308634, 0.001666785273273649, 0.0009704259390172812, 0.000480617985012919, 0.00020000457013894822, 6.925417161127387e-05, 1.980018690050313e-05, 0.0], [0.0, 0.0, 3.0903152079077425e-05, 9.459015227502268e-05, 0.00024226012375662908, 0.000524305721571549, 0.0009704259390172812, 0.0015584180905196927, 0.0022086780023964983, 0.002816474950180304, 0.0032995648160928674, 0.003625519220743009, 0.003804345167397604, 0.0038601295330159143, 0.003804345167397604, 0.003625519220743009, 0.0032995648160928674, 0.002816474950180304, 0.0022086780023964983, 0.0015584180905196927, 0.0009704259390172812, 0.000524305721571549, 0.00024226012375662908, 9.459015227502268e-05, 3.0903152079077425e-05, 0.0, 0.0], [0.0, 0.0, 0.0, 3.8462971670108034e-05, 0.00010479259397290719, 0.00024226012375662908, 0.000480617985012919, 0.0008290370233558663, 0.001261943944860805, 0.00172271074634994, 0.0021445018458459905, 0.0024732503397308634, 0.0026780767843693452, 0.002747151856035784, 0.0026780767843693452, 0.0024732503397308634, 0.0021445018458459905, 0.00172271074634994, 0.001261943944860805, 0.0008290370233558663, 0.000480617985012919, 0.00024226012375662908, 0.00010479259397290719, 3.8462971670108034e-05, 0.0, 0.0, 0.0], [0.0, 0.0, 0.0, 0.0, 3.8462971670108034e-05, 9.459015227502268e-05, 0.00020000457013894822, 0.0003678725002675082, 0.0005961634044420591, 0.0008627396831197393, 0.001129937497739354, 0.0013559525349780758, 0.001506004669540458, 0.0015584180905196927, 0.001506004669540458, 0.0013559525349780758, 0.001129937497739354, 0.0008627396831197393, 0.0005961634044420591, 0.0003678725002675082, 0.00020000457013894822, 9.459015227502268e-05, 3.8462971670108034e-05, 0.0, 0.0, 0.0, 0.0], [0.0, 0.0, 0.0, 0.0, 0.0, 3.0903152079077425e-05, 6.925417161127387e-05, 0.0001349166954119283, 0.00023100265879462073, 0.00035152754681723485, 0.000480617985012919, 0.0005961634044420591, 0.0006761390007648805, 0.0007047025138315706, 0.0006761390007648805, 0.0005961634044420591, 0.000480617985012919, 0.00035152754681723485, 0.00023100265879462073, 0.0001349166954119283, 6.925417161127387e-05, 3.0903152079077425e-05, 0.0, 0.0, 0.0, 0.0, 0.0], [0.0, 0.0, 0.0, 0.0, 0.0, 0.0, 1.980018690050313e-05, 4.0609473775672574e-05, 7.298121296757986e-05, 0.00011600612340150563, 0.00016454378185348388, 0.0002098915642182302, 0.00024226012375662908, 0.0002540084627299151, 0.00024226012375662908, 0.0002098915642182302, 0.00016454378185348388, 0.00011600612340150563, 7.298121296757986e-05, 4.0609473775672574e-05, 1.980018690050313e-05, 0.0, 0.0, 0.0, 0.0, 0.0, 0.0], [0.0, 0.0, 0.0, 0.0, 0.0, 0.0, 0.0, 0.0, 1.8715781852051563e-05, 3.0903152079077425e-05, 4.524615976462169e-05, 5.911350657470594e-05, 6.925417161127387e-05, 7.298121296757986e-05, 6.925417161127387e-05, 5.911350657470594e-05, 4.524615976462169e-05, 3.0903152079077425e-05, 1.8715781852051563e-05, 0.0, 0.0, 0.0, 0.0, 0.0, 0.0, 0.0, 0.0]]}