{"dt": 0.08333333333333333, "cmap": "viridis", "type": "gaussian", "s1": 0.375, "s2": 0.5, "b1": 0.25, "b2": 0.5, "mu": 0.135, "sigma": 0.015, "board": [[0.0, 0.0, 0.0, 0.0, 0.0, 0.0, 0.0, 0.0, 0.0, 0.0, 0.0, 0.0, 0.0, 0.0, 0.0, 0.0, 0.0, 0.0, 0.0, 0.0, 0.0, 0.0, 0.0, 0.0, 0.0, 0.0, 0.0, 0.0, 0.0, 0.0, 0.0, 0.0, 0.0, 0.0, 0.0, 0.0, 0.0, 0.0, 0.0, 0.0, 0.0, 0.0, 0.0, 0.0, 0.0, 0.0, 0.0, 0.0], [0.0, 0.0, 0.0, 0.0, 0.0, 0.0, 0.0, 0.0, 0.0, 0.0, 0.0, 0.0, 0.0, 0.0, 0.0, 0.0, 0.0, 0.0, 0.0, 0.0, 0.0, 0.0, 0.0, 0.0, 0.0, 0.0, 0.0, 0.0, 0.0, 0.0, 0.0, 0.0, 0.0, 0.0, 0.0, 0.0, 0.0, 0.0, 0.0, 0.0, 0.0, 0.0, 0.0, 0.0, 0.0, 0.0, 0.0, 0.0], [0.0, 0.0, 0.0, 0.0, 0.0, 0.0, 0.0, 0.0, 0.0, 0.0, 0.0, 0.0, 0.0, 0.0, 0.0, 0.0, 0.0, 0.0, 0.0, 0.0, 0.0, 0.0, 0.0, 0.0, 0.0, 0.0, 0.0, 0.0, 0.0, 0.0, 0.0, 0.0, 0.0, 0.0, 0.0, 0.0, 0.0, 0.0, 0.0, 0.0, 0.0, 0.0, 0.0, 0.0, 0.0, 0.0, 0.0, 0.0], [0.0, 0.0, 0.0, 0.0, 0.0, 0.0, 0.0, 0.0, 0.0, 0.0, 0.0, 0.0, 0.0, 0.0, 0.0, 0.0, 0.0, 0.0, 0.0, 0.0, 0.0, 0.0, 0.0, 0.0, 0.0, 0.0, 0.0, 0.0, 0.0, 0.0, 0.0, 0.0, 0.0, 0.0, 0.0, 0.0, 0.0, 0.0, 0.0, 0.0, 0.0, 0.0, 0.0, 0.0, 0.0, 0.0, 0.0, 0.0], [0.0, 0.0, 0.0, 0.0, 0.0, 0.0, 0.0, 0.0, 0.0, 0.0, 0.0, 0.0, 0.0, 0.0, 0.0, 0.0, 0.0, 0.0, 0.0, 0.0, 0.0, 0.0, 0.0, 0.0, 0.0, 0.0, 0.0, 0.0, 0.0, 0.0, 0.0, 0.0, 0.0, 0.0, 0.0, 0.0, 0.0, 0.0, 0.0, 0.0, 0.0, 0.0, 0.0, 0.0, 0.0, 0.0, 0.0, 0.0], [0.0, 0.0, 0.0, 0.0, 0.0, 0.0, 0.0, 0.0, 0.0, 0.0, 0.0, 0.0, 0.0, 0.0, 0.0, 0.0, 0.0, 0.0, 0.0, 0.0, 0.0, 0.0, 0.0, 0.0, 0.0, 0.0, 0.0, 0.0, 0.0, 0.0, 0.0, 0.0, 0.0, 0.0, 0.0, 0.0, 0.0, 0.0, 0.0, 0.0, 0.0, 0.0, 0.0, 0.0, 0.0, 0.0, 0.0, 0.0], [0.0, 0.0, 0.0, 0.0, 0.0, 0.0, 0.0, 0.0, 0.0, 0.0, 0.0, 0.0, 0.0, 0.0, 0.0, 0.0, 0.0, 0.0, 0.0, 0.0, 0.0, 0.0, 0.0, 0.0, 0.0, 0.0, 0.0, 0.0, 0.0, 0.0, 0.0, 0.0, 0.0, 0.0, 0.0, 0.0, 0.0, 0.0, 0.0, 0.0, 0.0, 0.0, 0.0, 0.0, 0.0, 0.0, 0.0, 0.0], [0.0, 0.0, 0.0, 0.0, 0.0, 0.0, 0.0, 0.0, 0.0, 0.0, 0.0, 0.0, 0.0, 0.0, 0.0, 0.0, 0.0, 0.0, 0.0, 0.0, 0.0, 0.0, 0.0, 0.0, 0.0, 0.0, 0.0, 0.0, 0.0, 0.0, 0.0, 0.0, 0.0, 0.0, 0.0, 0.0, 0.0, 0.0, 0.0, 0.0, 0.0, 0.0, 0.0, 0.0, 0.0, 0.0, 0.0, 0.0], [0.0, 0.0, 0.0, 0.0, 0.0, 0.0, 0.0, 0.0, 0.0, 0.0, 0.0, 0.0, 0.0, 0.0, 0.0, 0.0, 0.0, 0.0, 0.0, 0.0, 0.0, 0.0, 0.0, 0.0, 0.0, 0.0, 0.0, 0.0, 0.0, 0.0, 0.0, 0.0, 0.0, 0.0, 0.0, 0.0, 0.0, 0.0, 0.0, 0.0, 0.0, 0.0, 0.0, 0.0, 0.0, 0.0, 0.0, 0.0], [0.0, 0.0, 0.0, 0.0, 0.0, 0.0, 0.0, 0.0, 0.0, 0.0, 0.0, 0.0, 0.0, 0.0, 0.0, 0.0, 0.0, 0.0, 0.0, 0.0, 0.0, 0.0, 0.0, 0.0, 0.0, 0.0, 0.0, 0.0, 0.0, 0.0, 0.0, 0.0, 0.0, 0.0, 0.0, 0.0, 0.0, 0.0, 0.0, 0.0, 0.0, 0.0, 0.0, 0.0, 0.0, 0.0, 0.0, 0.0], [0.0, 0.0, 0.0, 0.0, 0.0, 0.0, 0.0, 0.0, 0.0, 0.0, 0.0, 0.0, 0.0, 0.0, 0.0, 0.0, 0.0, 0.0, 0.0, 0.0, 0.0, 0.0, 0.0, 0.0, 0.0, 0.0, 0.0, 0.0, 0.0, 0.0, 0.0, 0.0, 0.0, 0.0, 0.0, 0.0, 0.0, 0.0, 0.0, 0.0, 0.0, 0.0, 0.0, 0.0, 0.0, 0.0, 0.0, 0.0], [0.0, 0.0, 0.0, 0.0, 0.0, 0.0, 0.0, 0.0, 0.0, 0.0, 0.0, 0.0, 0.0, 0.0, 0.0, 0.0, 0.0, 0.0, 0.0, 0.0, 0.0, 0.0, 0.0, 0.0, 0.0, 0.0, 0.0, 0.0, 0.0, 0.0, 0.0, 0.0, 0.0, 0.0, 0.0, 0.0, 0.0, 0.0, 0.0, 0.0, 0.0, 0.0, 0.0, 0.0, 0.0, 0.0, 0.0, 0.0], [0.0, 0.0, 0.0, 0.0, 0.0, 0.0, 0.0, 0.0, 0.0, 0.0, 0.0, 0.0, 0.0, 0.0, 0.0, 0.0, 0.0, 0.0, 0.0, 0.0, 0.0, 0.0, 0.0, 0.0, 0.0, 0.0, 0.0, 0.0, 0.0, 0.0, 0.0, 0.0, 0.0, 0.0, 0.0, 0.0, 0.0, 0.0, 0.0, 0.0, 0.0, 0.0, 0.0, 0.0, 0.0, 0.0, 0.0, 0.0], [0.0, 0.0, 0.0, 0.0, 0.0, 0.0, 0.0, 0.0, 0.0, 0.0, 0.0, 0.0, 0.0, 0.0, 0.0, 0.0, 0.0, 0.0, 0.0, 0.0, 0.0, 0.0, 0.0, 0.0, 0.0, 0.0, 0.0, 0.0, 0.0, 0.0, 0.0, 0.0, 0.0, 0.0, 0.0, 0.0, 0.0, 0.0, 0.0, 0.0, 0.0, 0.0, 0.0, 0.0, 0.0, 0.0, 0.0, 0.0], [0.0, 0.0, 0.0, 0.0, 0.0, 0.0, 0.0, 0.0, 0.0, 0.0, 0.0, 0.0, 0.0, 0.0, 0.0, 0.0, 0.0, 0.0, 0.0, 0.0, 0.0, 0.0, 0.0, 0.0, 0.0, 0.0, 0.0, 0.0, 0.0, 0.0, 0.0, 0.0, 0.0, 0.0, 0.0, 0.0, 0.0, 0.0, 0.0, 0.0, 0.0, 0.0, 0.0, 0.0, 0.0, 0.0, 0.0, 0.0], [0.0, 0.0, 0.0, 0.0, 0.0, 0.0, 0.0, 0.0, 0.0, 0.0, 0.0, 0.0, 0.0, 0.0, 0.0, 0.0, 0.0, 0.0, 0.0, 0.0, 0.0, 0.0, 0.0, 0.0, 0.0, 0.0, 0.0, 0.0, 0.0, 0.0, 0.0, 0.0, 0.0, 0.0, 0.0, 0.0, 0.0, 0.0, 0.0, 0.0, 0.0, 0.0, 0.0, 0.0, 0.0, 0.0, 0.0, 0.0], [0.0, 0.0, 0.0, 0.0, 0.0, 0.0, 0.0, 0.0, 0.0, 0.0, 0.0, 0.0, 0.0, 0.0, 0.0, 0.0, 0.0, 0.0, 0.0, 0.10991838811114574, 0.0, 0.0, 0.23270949401839525, 0.0, 0.0, 0.0, 0.0, 0.0, 0.7597272451426889, 0.0, 0.03075014902603146, 0.0, 0.0, 0.0, 0.0, 0.0, 0.0, 0.0, 0.0, 0.0, 0.0, 0.0, 0.0, 0.0, 0.0, 0.0, 0.0, 0.0], [0.0, 0.0, 0.0, 0.0, 0.0, 0.0, 0.0, 0.0, 0.0, 0.0, 0.0, 0.0, 0.0, 0.0, 0.0, 0.0, 0.00490348513584038, 0.9293301268032282, 0.0, 0.5681027665733781, 0.0, 0.0, 0.6550574001779219, 0.0, 0.0, 0.9795585299904543, 0.9010161039630548, 0.0, 0.0, 0.9608053757861227, 0.2779539026460506, 0.0, 0.0, 0.0, 0.0, 0.0, 0.0, 0.0, 0.0, 0.0, 0.0, 0.0, 0.0, 0.0, 0.0, 0.0, 0.0, 0.0], [0.0, 0.0, 0.0, 0.0, 0.0, 0.0, 0.0, 0.0, 0.0, 0.0, 0.0, 0.0, 0.0, 0.0, 0.0, 0.0, 0.0, 0.0, 0.9143749013452699, 0.4591078818268671, 0.8233073449058657, 0.0, 0.4836150603350584, 0.48655709411173353, 0.4065796828132564, 0.0, 0.0, 0.1403861057734559, 0.40499409613412285, 0.0, 0.9967983163930167, 0.6305279893294584, 0.0, 0.0, 0.0, 0.0, 0.0, 0.0, 0.0, 0.0, 0.0, 0.0, 0.0, 0.0, 0.0, 0.0, 0.0, 0.0], [0.0, 0.0, 0.0, 0.0, 0.0, 0.0, 0.0, 0.0, 0.0, 0.0, 0.0, 0.0, 0.0, 0.0, 0.0, 0.0, 0.4760469820226132, 0.300542700643168, 0.0, 0.7948897312525715, 0.0, 0.9323530734977254, 0.0, 0.08719867877262422, 0.0, 0.0, 0.6692974560947532, 0.0, 0.929922395094855, 0.021749484591774282, 0.0, 0.0, 0.0, 0.0, 0.0, 0.0, 0.0, 0.0, 0.0, 0.0, 0.0, 0.0, 0.0, 0.0, 0.0, 0.0, 0.0, 0.0], [0.0, 0.0, 0.0, 0.0, 0.0, 0.0, 0.0, 0.0, 0.0, 0.0, 0.0, 0.0, 0.0, 0.0, 0.0, 0.0, 0.0, 0.0, 0.0, 0.0, 0.0, 0.060988505302470464, 0.0, 0.0, 0.0, 0.4791225767074725, 0.0, 0.0, 0.32944315154514103, 0.0, 0.0, 0.0, 0.0, 0.0, 0.0, 0.0, 0.0, 0.0, 0.0, 0.0, 0.0, 0.0, 0.0, 0.0, 0.0, 0.0, 0.0, 0.0], [0.0, 0.0, 0.0, 0.0, 0.0, 0.0, 0.0, 0.0, 0.0, 0.0, 0.0, 0.0, 0.0, 0.0, 0.0, 0.0, 0.0, 0.4291475706554757, 0.5627062851173357, 0.6536342888495273, 0.0, 0.0, 0.019634704576200868, 0.6485380053893053, 0.0, 0.7074094045738755, 0.5509685581271796, 0.0, 0.15700106104855405, 0.0, 0.15247296643614838, 0.0, 0.0, 0.0, 0.0, 0.0, 0.0, 0.0, 0.0, 0.0, 0.0, 0.0, 0.0, 0.0, 0.0, 0.0, 0.0, 0.0], [0.0, 0.0, 0.0, 0.0, 0.0, 0.0, 0.0, 0.0, 0.0, 0.0, 0.0, 0.0, 0.0, 0.0, 0.0, 0.0, 0.4689107190648404, 0.0, 0.0, 0.9966864363082372, 0.0, 0.0, 0.220424250921198, 0.0, 0.10714738521429379, 0.660922437909118, 0.1779353306533097, 0.3620645775509459, 0.0, 0.633162036987889, 0.0, 0.8939407266116176, 0.0, 0.0, 0.0, 0.0, 0.0, 0.0, 0.0, 0.0, 0.0, 0.0, 0.0, 0.0, 0.0, 0.0, 0.0, 0.0], [0.0, 0.0, 0.0, 0.0, 0.0, 0.0, 0.0, 0.0, 0.0, 0.0, 0.0, 0.0, 0.0, 0.0, 0.0, 0.0, 0.0, 0.9677307992477442, 0.17268042893367064, 0.5748573261918947, 0.6381739235045728, 0.19319149060959317, 0.0, 0.42707520829793655, 0.0, 0.6167013246092216, 0.07106827889123413, 0.0, 0.0307604387628434, 0.0, 0.0, 0.0, 0.0, 0.0, 0.0, 0.0, 0.0, 0.0, 0.0, 0.0, 0.0, 0.0, 0.0, 0.0, 0.0, 0.0, 0.0, 0.0], [0.0, 0.0, 0.0, 0.0, 0.0, 0.0, 0.0, 0.0, 0.0, 0.0, 0.0, 0.0, 0.0, 0.0, 0.0, 0.0, 0.0, 0.7797322814547468, 0.2120659637862281, 0.6880894134237711, 0.0, 0.07544314782144612, 0.8698909401239626, 0.0, 0.2690282327021095, 0.0, 0.0, 0.0769066532345879, 0.18839618556242843, 0.24587483052943537, 0.0, 0.29300038988677013, 0.0, 0.0, 0.0, 0.0, 0.0, 0.0, 0.0, 0.0, 0.0, 0.0, 0.0, 0.0, 0.0, 0.0, 0.0, 0.0], [0.0, 0.0, 0.0, 0.0, 0.0, 0.0, 0.0, 0.0, 0.0, 0.0, 0.0, 0.0, 0.0, 0.0, 0.0, 0.0, 0.0, 0.8509884396965939, 0.0, 0.5803054498696957, 0.0, 0.8277604980202946, 0.0, 0.0, 0.0, 0.09289317910218575, 0.7647565638865628, 0.0, 0.0, 0.49614537790252555, 0.5712123699263508, 0.0, 0.0, 0.0, 0.0, 0.0, 0.0, 0.0, 0.0, 0.0, 0.0, 0.0, 0.0, 0.0, 0.0, 0.0, 0.0, 0.0], [0.0, 0.0, 0.0, 0.0, 0.0, 0.0, 0.0, 0.0, 0.0, 0.0, 0.0, 0.0, 0.0, 0.0, 0.0, 0.0, 0.6993729578956059, 0.7108311187415172, 0.09912849317762051, 0.0, 0.41479193577948925, 0.015569117481817774, 0.0, 0.3398668152858316, 0.8463705595487817, 0.3234669089417245, 0.697172835448574, 0.45363201461866176, 0.14581066063419024, 0.46792695404849594, 0.0, 0.0, 0.0, 0.0, 0.0, 0.0, 0.0, 0.0, 0.0, 0.0, 0.0, 0.0, 0.0, 0.0, 0.0, 0.0, 0.0, 0.0], [0.0, 0.0, 0.0, 0.0, 0.0, 0.0, 0.0, 0.0, 0.0, 0.0, 0.0, 0.0, 0.0, 0.0, 0.0, 0.0, 0.0, 0.0, 0.6276945314399852, 0.16454356440458406, 0.8614786917477054, 0.0, 0.05631122870377481, 0.8436135948661571, 0.06944242618168472, 0.0, 0.3868547182886709, 0.7595770101404965, 0.0, 0.10374824133264748, 0.3900438259013429, 0.0596232159652621, 0.0, 0.0, 0.0, 0.0, 0.0, 0.0, 0.0, 0.0, 0.0, 0.0, 0.0, 0.0, 0.0, 0.0, 0.0, 0.0], [0.0, 0.0, 0.0, 0.0, 0.0, 0.0, 0.0, 0.0, 0.0, 0.0, 0.0, 0.0, 0.0, 0.0, 0.0, 0.0, 0.3453018019400864, 0.8003232601394115, 0.0, 0.7022194141048672, 0.0, 0.0, 0.0, 0.0, 0.0, 0.15637365137415138, 0.46117856140671365, 0.377628227882185, 0.0, 0.9775509969289913, 0.0, 0.0, 0.0, 0.0, 0.0, 0.0, 0.0, 0.0, 0.0, 0.0, 0.0, 0.0, 0.0, 0.0, 0.0, 0.0, 0.0, 0.0], [0.0, 0.0, 0.0, 0.0, 0.0, 0.0, 0.0, 0.0, 0.0, 0.0, 0.0, 0.0, 0.0, 0.0, 0.0, 0.0, 0.0, 0.0, 0.4238960464163599, 0.8960807882955304, 0.7781173951098959, 0.7845088722231784, 0.0, 0.0, 0.0, 0.0, 0.0, 0.0, 0.0, 0.8829173285225989, 0.042133069265169576, 0.17766136161409884, 0.0, 0.0, 0.0, 0.0, 0.0, 0.0, 0.0, 0.0, 0.0, 0.0, 0.0, 0.0, 0.0, 0.0, 0.0, 0.0], [0.0, 0.0, 0.0, 0.0, 0.0, 0.0, 0.0, 0.0, 0.0, 0.0, 0.0, 0.0, 0.0, 0.0, 0.0, 0.0, 0.0, 0.0, 0.8653655779401327, 0.7529404137746339, 0.0, 0.0, 0.0, 0.0, 0.0, 0.0, 0.30854780282952254, 0.0, 0.0, 0.7760373087647856, 0.0, 0.0, 0.0, 0.0, 0.0, 0.0, 0.0, 0.0, 0.0, 0.0, 0.0, 0.0, 0.0, 0.0, 0.0, 0.0, 0.0, 0.0], [0.0, 0.0, 0.0, 0.0, 0.0, 0.0, 0.0, 0.0, 0.0, 0.0, 0.0, 0.0, 0.0, 0.0, 0.0, 0.0, 0.03005952660207789, 0.0, 0.0, 0.514594486829531, 0.425815362937112, 0.2988256824436919, 0.0, 0.36413717103849563, 0.0, 0.9612683987079477, 0.0, 0.027713185327718826, 0.46231367273168256, 0.8200631923807264, 0.0, 0.8590441303241968, 0.0, 0.0, 0.0, 0.0, 0.0, 0.0, 0.0, 0.0, 0.0, 0.0, 0.0, 0.0, 0.0, 0.0, 0.0, 0.0], [0.0, 0.0, 0.0, 0.0, 0.0, 0.0, 0.0, 0.0, 0.0, 0.0, 0.0, 0.0, 0.0, 0.0, 0.0, 0.0, 0.0, 0.0, 0.0, 0.0, 0.0, 0.0, 0.0, 0.0, 0.0, 0.0, 0.0, 0.0, 0.0, 0.0, 0.0, 0.0, 0.0, 0.0, 0.0, 0.0, 0.0, 0.0, 0.0, 0.0, 0.0, 0.0, 0.0, 0.0, 0.0, 0.0, 0.0, 0.0], [0.0, 0.0, 0.0, 0.0, 0.0, 0.0, 0.0, 0.0, 0.0, 0.0, 0.0, 0.0, 0.0, 0.0, 0.0, 0.0, 0.0, 0.0, 0.0, 0.0, 0.0, 0.0, 0.0, 0.0, 0.0, 0.0, 0.0, 0.0, 0.0, 0.0, 0.0, 0.0, 0.0, 0.0, 0.0, 0.0, 0.0, 0.0, 0.0, 0.0, 0.0, 0.0, 0.0, 0.0, 0.0, 0.0, 0.0, 0.0], [0.0, 0.0, 0.0, 0.0, 0.0, 0.0, 0.0, 0.0, 0.0, 0.0, 0.0, 0.0, 0.0, 0.0, 0.0, 0.0, 0.0, 0.0, 0.0, 0.0, 0.0, 0.0, 0.0, 0.0, 0.0, 0.0, 0.0, 0.0, 0.0, 0.0, 0.0, 0.0, 0.0, 0.0, 0.0, 0.0, 0.0, 0.0, 0.0, 0.0, 0.0, 0.0, 0.0, 0.0, 0.0, 0.0, 0.0, 0.0], [0.0, 0.0, 0.0, 0.0, 0.0, 0.0, 0.0, 0.0, 0.0, 0.0, 0.0, 0.0, 0.0, 0.0, 0.0, 0.0, 0.0, 0.0, 0.0, 0.0, 0.0, 0.0, 0.0, 0.0, 0.0, 0.0, 0.0, 0.0, 0.0, 0.0, 0.0, 0.0, 0.0, 0.0, 0.0, 0.0, 0.0, 0.0, 0.0, 0.0, 0.0, 0.0, 0.0, 0.0, 0.0, 0.0, 0.0, 0.0], [0.0, 0.0, 0.0, 0.0, 0.0, 0.0, 0.0, 0.0, 0.0, 0.0, 0.0, 0.0, 0.0, 0.0, 0.0, 0.0, 0.0, 0.0, 0.0, 0.0, 0.0, 0.0, 0.0, 0.0, 0.0, 0.0, 0.0, 0.0, 0.0, 0.0, 0.0, 0.0, 0.0, 0.0, 0.0, 0.0, 0.0, 0.0, 0.0, 0.0, 0.0, 0.0, 0.0, 0.0, 0.0, 0.0, 0.0, 0.0], [0.0, 0.0, 0.0, 0.0, 0.0, 0.0, 0.0, 0.0, 0.0, 0.0, 0.0, 0.0, 0.0, 0.0, 0.0, 0.0, 0.0, 0.0, 0.0, 0.0, 0.0, 0.0, 0.0, 0.0, 0.0, 0.0, 0.0, 0.0, 0.0, 0.0, 0.0, 0.0, 0.0, 0.0, 0.0, 0.0, 0.0, 0.0, 0.0, 0.0, 0.0, 0.0, 0.0, 0.0, 0.0, 0.0, 0.0, 0.0], [0.0, 0.0, 0.0, 0.0, 0.0, 0.0, 0.0, 0.0, 0.0, 0.0, 0.0, 0.0, 0.0, 0.0, 0.0, 0.0, 0.0, 0.0, 0.0, 0.0, 0.0, 0.0, 0.0, 0.0, 0.0, 0.0, 0.0, 0.0, 0.0, 0.0, 0.0, 0.0, 0.0, 0.0, 0.0, 0.0, 0.0, 0.0, 0.0, 0.0, 0.0, 0.0, 0.0, 0.0, 0.0, 0.0, 0.0, 0.0], [0.0, 0.0, 0.0, 0.0, 0.0, 0.0, 0.0, 0.0, 0.0, 0.0, 0.0, 0.0, 0.0, 0.0, 0.0, 0.0, 0.0, 0.0, 0.0, 0.0, 0.0, 0.0, 0.0, 0.0, 0.0, 0.0, 0.0, 0.0, 0.0, 0.0, 0.0, 0.0, 0.0, 0.0, 0.0, 0.0, 0.0, 0.0, 0.0, 0.0, 0.0, 0.0, 0.0, 0.0, 0.0, 0.0, 0.0, 0.0], [0.0, 0.0, 0.0, 0.0, 0.0, 0.0, 0.0, 0.0, 0.0, 0.0, 0.0, 0.0, 0.0, 0.0, 0.0, 0.0, 0.0, 0.0, 0.0, 0.0, 0.0, 0.0, 0.0, 0.0, 0.0, 0.0, 0.0, 0.0, 0.0, 0.0, 0.0, 0.0, 0.0, 0.0, 0.0, 0.0, 0.0, 0.0, 0.0, 0.0, 0.0, 0.0, 0.0, 0.0, 0.0, 0.0, 0.0, 0.0], [0.0, 0.0, 0.0, 0.0, 0.0, 0.0, 0.0, 0.0, 0.0, 0.0, 0.0, 0.0, 0.0, 0.0, 0.0, 0.0, 0.0, 0.0, 0.0, 0.0, 0.0, 0.0, 0.0, 0.0, 0.0, 0.0, 0.0, 0.0, 0.0, 0.0, 0.0, 0.0, 0.0, 0.0, 0.0, 0.0, 0.0, 0.0, 0.0, 0.0, 0.0, 0.0, 0.0, 0.0, 0.0, 0.0, 0.0, 0.0], [0.0, 0.0, 0.0, 0.0, 0.0, 0.0, 0.0, 0.0, 0.0, 0.0, 0.0, 0.0, 0.0, 0.0, 0.0, 0.0, 0.0, 0.0, 0.0, 0.0, 0.0, 0.0, 0.0, 0.0, 0.0, 0.0, 0.0, 0.0, 0.0, 0.0, 0.0, 0.0, 0.0, 0.0, 0.0, 0.0, 0.0, 0.0, 0.0, 0.0, 0.0, 0.0, 0.0, 0.0, 0.0, 0.0, 0.0, 0.0], [0.0, 0.0, 0.0, 0.0, 0.0, 0.0, 0.0, 0.0, 0.0, 0.0, 0.0, 0.0, 0.0, 0.0, 0.0, 0.0, 0.0, 0.0, 0.0, 0.0, 0.0, 0.0, 0.0, 0.0, 0.0, 0.0, 0.0, 0.0, 0.0, 0.0, 0.0, 0.0, 0.0, 0.0, 0.0, 0.0, 0.0, 0.0, 0.0, 0.0, 0.0, 0.0, 0.0, 0.0, 0.0, 0.0, 0.0, 0.0], [0.0, 0.0, 0.0, 0.0, 0.0, 0.0, 0.0, 0.0, 0.0, 0.0, 0.0, 0.0, 0.0, 0.0, 0.0, 0.0, 0.0, 0.0, 0.0, 0.0, 0.0, 0.0, 0.0, 0.0, 0.0, 0.0, 0.0, 0.0, 0.0, 0.0, 0.0, 0.0, 0.0, 0.0, 0.0, 0.0, 0.0, 0.0, 0.0, 0.0, 0.0, 0.0, 0.0, 0.0, 0.0, 0.0, 0.0, 0.0], [0.0, 0.0, 0.0, 0.0, 0.0, 0.0, 0.0, 0.0, 0.0, 0.0, 0.0, 0.0, 0.0, 0.0, 0.0, 0.0, 0.0, 0.0, 0.0, 0.0, 0.0, 0.0, 0.0, 0.0, 0.0, 0.0, 0.0, 0.0, 0.0, 0.0, 0.0, 0.0, 0.0, 0.0, 0.0, 0.0, 0.0, 0.0, 0.0, 0.0, 0.0, 0.0, 0.0, 0.0, 0.0, 0.0, 0.0, 0.0], [0.0, 0.0, 0.0, 0.0, 0.0, 0.0, 0.0, 0.0, 0.0, 0.0, 0.0, 0.0, 0.0, 0.0, 0.0, 0.0, 0.0, 0.0, 0.0, 0.0, 0.0, 0.0, 0.0, 0.0, 0.0, 0.0, 0.0, 0.0, 0.0, 0.0, 0.0, 0.0, 0.0, 0.0, 0.0, 0.0, 0.0, 0.0, 0.0, 0.0, 0.0, 0.0, 0.0, 0.0, 0.0, 0.0, 0.0, 0.0], [0.0, 0.0, 0.0, 0.0, 0.0, 0.0, 0.0, 0.0, 0.0, 0.0, 0.0, 0.0, 0.0, 0.0, 0.0, 0.0, 0.0, 0.0, 0.0, 0.0, 0.0, 0.0, 0.0, 0.0, 0.0, 0.0, 0.0, 0.0, 0.0, 0.0, 0.0, 0.0, 0.0, 0.0, 0.0, 0.0, 0.0, 0.0, 0.0, 0.0, 0.0, 0.0, 0.0, 0.0, 0.0, 0.0, 0.0, 0.0]], "kernel": [[0.0, 0.0, 0.0, 0.0, 4.6378361182857184e-05, 0.00011779613939116435, 0.00022260691471030113, 0.0003219018190110949, 0.0003631704111599925, 0.0003219018190110949, 0.00022260691471030113, 0.00011779613939116435, 4.6378361182857184e-05, 0.0, 0.0, 0.0, 0.0], [0.0, 0.0, 0.0, 0.00010340060705126075, 0.0003219018190110949, 0.0007294233793659989, 0.0012553860044970625, 0.0017063133176685788, 0.0018836425565576537, 0.0017063133176685788, 0.0012553860044970625, 0.0007294233793659989, 0.0003219018190110949, 0.00010340060705126075, 0.0, 0.0, 0.0], [0.0, 0.0, 0.0001340630768248527, 0.0005177011395474108, 0.0013929210700319406, 0.0027459222829573316, 0.004197875624599144, 0.005262491724613586, 0.00564404565072485, 0.005262491724613586, 0.004197875624599144, 0.0027459222829573316, 0.0013929210700319406, 0.0005177011395474108, 0.0001340630768248527, 0.0, 0.0], [0.0, 0.00010340060705126075, 0.0005177011395474108, 0.0017063133176685788, 0.0038737673048833982, 0.00643592282900964, 0.008439545804063307, 0.009482444777800374, 0.009769819268982136, 0.009482444777800374, 0.008439545804063307, 0.00643592282900964, 0.0038737673048833982, 0.0017063133176685788, 0.0005177011395474108, 0.00010340060705126075, 0.0], [4.6378361182857184e-05, 0.0003219018190110949, 0.0013929210700319406, 0.0038737673048833982, 0.007247969453539983, 0.009769819268982136, 0.01046118841570124, 0.010063490297051319, 0.009769819268982136, 0.010063490297051319, 0.01046118841570124, 0.009769819268982136, 0.007247969453539983, 0.0038737673048833982, 0.0013929210700319406, 0.0003219018190110949, 4.6378361182857184e-05], [0.00011779613939116435, 0.0007294233793659989, 0.0027459222829573316, 0.00643592282900964, 0.009769819268982136, 0.010275001743063679, 0.008401378225159505, 0.006404099168969757, 0.005644045650724848, 0.006404099168969757, 0.008401378225159505, 0.010275001743063679, 0.009769819268982136, 0.00643592282900964, 0.0027459222829573316, 0.0007294233793659989, 0.00011779613939116435], [0.00022260691471030113, 0.0012553860044970625, 0.004197875624599144, 0.008439545804063307, 0.01046118841570124, 0.008401378225159505, 0.00486133365947118, 0.00256444711299712, 0.0018836425565576537, 0.00256444711299712, 0.00486133365947118, 0.008401378225159505, 0.01046118841570124, 0.008439545804063307, 0.004197875624599144, 0.0012553860044970625, 0.00022260691471030113], [0.0003219018190110949, 0.0017063133176685788, 0.005262491724613586, 0.009482444777800374, 0.010063490297051319, 0.006404099168969757, 0.00256444711299712, 0.0007676034744967491, 0.00036317041115999197, 0.0007676034744967491, 0.00256444711299712, 0.006404099168969757, 0.010063490297051319, 0.009482444777800374, 0.005262491724613586, 0.0017063133176685788, 0.0003219018190110949], [0.0003631704111599925, 0.0018836425565576537, 0.00564404565072485, 0.009769819268982136, 0.009769819268982136, 0.005644045650724848, 0.0018836425565576537, 0.00036317041115999197, 4.04507342898899e-05, 0.00036317041115999197, 0.0018836425565576537, 0.005644045650724848, 0.009769819268982136, 0.009769819268982136, 0.00564404565072485, 0.0018836425565576537, 0.0003631704111599925], [0.0003219018190110949, 0.0017063133176685788, 0.005262491724613586, 0.009482444777800374, 0.010063490297051319, 0.006404099168969757, 0.00256444711299712, 0.0007676034744967491, 0.00036317041115999197, 0.0007676034744967491, 0.00256444711299712, 0.006404099168969757, 0.010063490297051319, 0.009482444777800374, 0.005262491724613586, 0.0017063133176685788, 0.0003219018190110949], [0.00022260691471030113, 0.0012553860044970625, 0.004197875624599144, 0.008439545804063307, 0.01046118841570124, 0.008401378225159505, 0.00486133365947118, 0.00256444711299712, 0.0018836425565576537, 0.00256444711299712, 0.00486133365947118, 0.008401378225159505, 0.01046118841570124, 0.008439545804063307, 0.004197875624599144, 0.0012553860044970625, 0.00022260691471030113], [0.00011779613939116435, 0.0007294233793659989, 0.0027459222829573316, 0.00643592282900964, 0.009769819268982136, 0.010275001743063679, 0.008401378225159505, 0.006404099168969757, 0.005644045650724848, 0.006404099168969757, 0.008401378225159505, 0.010275001743063679, 0.009769819268982136, 0.00643592282900964, 0.0027459222829573316, 0.0007294233793659989, 0.00011779613939116435], [4.6378361182857184e-05, 0.0003219018190110949, 0.0013929210700319406, 0.0038737673048833982, 0.007247969453539983, 0.009769819268982136, 0.01046118841570124, 0.010063490297051319, 0.009769819268982136, 0.010063490297051319, 0.01046118841570124, 0.009769819268982136, 0.007247969453539983, 0.0038737673048833982, 0.0013929210700319406, 0.0003219018190110949, 4.6378361182857184e-05], [0.0, 0.00010340060705126075, 0.0005177011395474108, 0.0017063133176685788, 0.0038737673048833982, 0.00643592282900964, 0.008439545804063307, 0.009482444777800374, 0.009769819268982136, 0.009482444777800374, 0.008439545804063307, 0.00643592282900964, 0.0038737673048833982, 0.0017063133176685788, 0.0005177011395474108, 0.00010340060705126075, 0.0], [0.0, 0.0, 0.0001340630768248527, 0.0005177011395474108, 0.0013929210700319406, 0.0027459222829573316, 0.004197875624599144, 0.005262491724613586, 0.00564404565072485, 0.005262491724613586, 0.004197875624599144, 0.0027459222829573316, 0.0013929210700319406, 0.0005177011395474108, 0.0001340630768248527, 0.0, 0.0], [0.0, 0.0, 0.0, 0.00010340060705126075, 0.0003219018190110949, 0.0007294233793659989, 0.0012553860044970625, 0.0017063133176685788, 0.0018836425565576537, 0.0017063133176685788, 0.0012553860044970625, 0.0007294233793659989, 0.0003219018190110949, 0.00010340060705126075, 0.0, 0.0, 0.0], [0.0, 0.0, 0.0, 0.0, 4.6378361182857184e-05, 0.00011779613939116435, 0.00022260691471030113, 0.0003219018190110949, 0.0003631704111599925, 0.0003219018190110949, 0.00022260691471030113, 0.00011779613939116435, 4.6378361182857184e-05, 0.0, 0.0, 0.0, 0.0]]}